3,59,2017033800104054
3,56,2017033800104062
3,38,2017033800104104
3,12,2017033800104112
3,54,2017033800104135
3,21,2017033800104166
3,30,2017033800104174
3,58,2017033800104182
3,40,2017033800104197
3,50,2017033800104224
3,41,2017033800104255
3,14,2017033800104263
3,26,2017033800104286
3,34,2017033800104305
3,15,2017033800104313
3,20,2017033800104344
3,44,2017033800104352
3,36,2017033800104367
3,55,2017033800104402
3,16,2017033800104417
3,8,2017033800104425
3,42,2017033800104487
3,3,2017033800104495
3,7,2017033800104506
3,39,2017033800104522
3,29,2017033800104537
3,43,2017033800104545
3,4,2017033800104576
3,45,2017033800104584
3,2,2017033800104592
3,60,2017033800104603
3,18,2017033800104634
3,33,2017033800104762
3,90,2017033800104777
3,52,2017033800105974
3,28,2017033800106022
3,10,2017033800106045
3,9,2017033800106084
3,23,2017033800106111
3,17,2017033800106126
3,19,2017033800106142
3,46,2017033800106157
3,48,2017033800106215
3,47,2017033800106246
3,49,2017033800106254
3,22,2017033800106262
3,32,2017033800106285
3,27,2017033800106293
3,53,2017033800106335
3,51,2017033800106366
3,11,2017033800106382
3,5,2017033800106397
3,24,2017033800106416
3,25,2017033800107412
3,35,2017033800107435
3,31,2017033800107497
3,57,2017033800107555
